           1           2   1.01936701964858     
           2           3   1.00875888640394     
           3           4   1.01936518400991     
           1           5  0.988037308335720     
           1           6  0.988036600951691     
           1           7  0.987639473094820     
           2           8  0.978640404880897     
           2           9  0.978641182535591     
           3          10  0.978640559470966     
           3          11  0.978640472783719     
           4          12  0.988037232149444     
           4          13  0.987640301670387     
           4          14  0.988037116448472     
