           1           2   1.02008257195747     
           2           3   1.00790233726042     
           3           4   1.02008257163326     
           1           5  0.987716427171245     
           1           6  0.987753357516478     
           1           7  0.986423603764234     
           2           8  0.979009982403670     
           2           9  0.978358901378416     
           3          10  0.979009982683584     
           3          11  0.978358901315948     
           4          12  0.987753356613751     
           4          13  0.987716426999955     
           4          14  0.986423604849661     
