           1           2   1.01936185141857     
           2           3   1.00875688637356     
           3           4   1.01936185121639     
           1           5  0.988038071351840     
           1           6  0.988038065621005     
           1           7  0.987640099732312     
           2           8  0.978643125518467     
           2           9  0.978643131579047     
           3          10  0.978643124598178     
           3          11  0.978643133004864     
           4          12  0.988038068841686     
           4          13  0.988038067973275     
           4          14  0.987640099856398     
