$coord
         -3.643684890658          0.255486597286         -0.000797587004     c 
         -1.054902252115         -0.984837094454          0.000869068696     c 
          1.054700810809          0.985221223830          0.000901119875     c 
          3.644125595855         -0.255945215523         -0.000831497760     c 
         -5.129721825224         -1.182723066934         -0.000737411762     h 
         -3.896112317083          1.439903621107         -1.678817119148     h 
         -3.897457405383          1.441986208892          1.675318415612     h 
         -0.880965928030         -2.203245236325         -1.665659403445     h 
         -0.882397285692         -2.201326660848          1.669195398760     h 
          0.882012495590          2.201667981857          1.668900754068     h 
          0.880629909948          2.203027122739         -1.666053871232     h 
          3.896633600703         -1.441533176904          1.675322619196     h 
          5.129422822306          1.183160435566         -0.000846458754     h 
          3.895104837298         -1.440029611462         -1.678304332212     h 
$end
