           2           1   1.0260799850950844     
           3           1   3.1076160935797122E-003
           3           2   1.0141163990437296     
           4           1   1.1875992004778827E-002
           4           2   3.1088958091416807E-003
           4           3   1.0259752142507834     
           5           1  0.98331197944527193     
           5           3   1.1468802291037342E-002
           6           1  0.98184981971437524     
           7           1  0.98186528437901099     
           8           2  0.97711172956407089     
           8           7   1.0935685624627579E-002
           9           2  0.97710752930530365     
           9           6   1.0939168975576249E-002
           9           8   2.8324581279710725E-003
          10           3  0.97715602577089844     
          10           8   9.8084426756817143E-003
          11           3  0.97714179455686789     
          11           9   9.8115663921045145E-003
          11          10   2.8242547875817915E-003
          12           4  0.98191783627959783     
          12          11   1.0908091833397002E-002
          13           2   1.1445575996294954E-002
          13           4  0.98334254468257254     
          14           4  0.98191582544049927     
          14          10   1.0905942661049776E-002
